/*                            suitenhead.h                                   */

/* suitenhead.h containing kinemageframe[] 070414*/

#ifdef SUITENOUT

#define EOL    '\n' /*unix X11 standard */

static char* kinemageframe[] =
{"\r"
,"@group {frame} dominant \r"
,"@vectorlist {frame} color= white \r"
,"P   0.000   0.000   0.000   5.000   0.000   0.000 \r"
,"P  35.000   0.000   0.000  40.000   0.000   0.000 \r"
,"P  80.000   0.000   0.000 160.000   0.000   0.000 \r"
,"P   0.000   0.000   0.000   0.000   5.000   0.000 \r"
,"P   0.000  35.000   0.000   0.000  40.000   0.000 \r"
,"P   0.000  80.000   0.000   0.000 160.000   0.000 \r"
,"P   0.000   0.000   0.000   0.000   0.000   5.000 \r"
,"P   0.000   0.000  35.000   0.000   0.000  40.000 \r"
,"P   0.000   0.000  80.000   0.000   0.000 160.000 \r"
,"P 200.000   0.000   0.000 280.000   0.000   0.000 \r"
,"P 320.000   0.000   0.000 360.000   0.000   0.000 \r"
,"P   0.000 200.000   0.000   0.000 280.000   0.000 \r"
,"P   0.000 320.000   0.000   0.000 360.000   0.000 \r"
,"P   0.000   0.000 200.000   0.000   0.000 280.000 \r"
,"P   0.000   0.000 320.000   0.000   0.000 360.000 \r"
,"@labellist {XYZ} color= white \r"
,"{X}  20.000  -5.000  -5.000 \r"
,"{X} 380.000  -5.000  -5.000 \r"
,"{Y}  -5.000  20.000  -5.000 \r"
,"{Y}  -5.000 380.000  -5.000 \r"
,"{Z}  -5.000  -5.000  20.000 \r"
,"{Z}  -5.000  -5.000 380.000 \r"
,"@labellist {mtp} color= green \r"
,"{p}  60.000   0.000   0.000 \r"
,"{t} 180.000   0.000   0.000 \r"
,"{m} 300.000   0.000   0.000 \r"
,"{p}   0.000  60.000   0.000 \r"
,"{t}   0.000 180.000   0.000 \r"
,"{m}   0.000 300.000   0.000 \r"
,"{p}   0.000   0.000  60.000 \r"
,"{t}   0.000   0.000 180.000 \r"
,"{m}   0.000   0.000 300.000 \r"
,"\r"
,"END\r"
};

static char* janesviews[] =
{"\r"
,"@viewid {d e z}\r"
,"@zoom 1.00\r"
,"@zslab 200\r"
,"@ztran 0\r"
,"@center 197.500 172.300 178.300\r"
,"@axischoice 2 3 4\r"
,"@matrix\r"
,"0.07196 0.11701 -0.99052 -0.00336 0.99312 0.11707 0.99740 -0.00509 0.07186\r"
,"@2viewid {zag front}\r"
,"@2zoom 1.00\r"
,"@2zslab 200\r"
,"@2ztran 0\r"
,"@2center 174.091 194.887 207.768\r"
,"@2axischoice 4 5 7\r"
,"@2matrix\r"
,"0.99508 -0.00018 -0.09905 -0.00135 -0.99993 -0.01172 -0.09904 0.0118 -0.99501\r"
,"@3viewid {a b g}\r"
,"@3zoom 1.00\r"
,"@3zslab 200\r"
,"@3ztran 0\r"
,"@3center 175.700 189.600 64.100\r"
,"@3axischoice 5 6 7\r"
,"@3matrix\r"
,"0.99955 0.000101 0.030002 0.0002 0.99995 -0.010012 -0.030001 0.010013 0.9995\r"
,"\r"
,"END\r"
};
#endif

