"""Tools to hold and manipulate local (NCS) symmetry
 There can be any number of ncs groups in a ncs symmetry object.
   Each group has a set of NCS operators and centers and may apply
      to a part of the structure.
  for group in ncs.ncs_groups(): returns list of groups
  id=group.chain_and_residue_id() returns id of where it applies
  for center in group.centers(): returns list of centers of ncs regions in group
  for rota_matr in group.rota_matrices(): returns rota matrices
  for trans_orth in group.translations_orth(): returns translation matrices

 NOTE: symmetry operators map NCS position i on to NCS position 0 (they are
  inverses of the operators mapping position 0 on to i).

"""

from __future__ import absolute_import, division, print_function
# from mmtbx.ncs.ncs_utils import convert_phil_format
import sys, os, string
from operator import itemgetter
from libtbx.utils import Sorry
from libtbx.utils import null_out
import scitbx.rigid_body
from six.moves import zip
from six.moves import range
from copy import deepcopy

# Defaults for tolerances:
# Set 2017-12-23 to match values in find_ncs.py; these are very relaxed...
# previous values were tol_z=0.01, tol_r=.01,abs_tol_t=.10,rel_tol_t=0.001

default_tol_z=0.01
default_tol_r=0.02
default_abs_tol_t=2.0
default_rel_tol_t=0.05

def abs(aa):
  """Return absolute value of aa"""
  if aa>=0:return aa
  return -aa

def is_in_range(z,z_min,z_max):
    """Return True if z is >= z_min and <= z_max"""
    if z<z_min or z>z_max: return False
    return True

def remove_quotes_from_chain_id(chain_residue_id):
  """Remove the quotes from the chain names in group"""
  if chain_residue_id is None:
     return

  [group,list_of_resseq_list]=chain_residue_id
  new_group=[]
  for chain_id in group:
    new_group.append(remove_single_quotes(chain_id))
  return [new_group,list_of_resseq_list]

def remove_single_quotes(text):
  """Remove single quotes from ends of a string if they occur on both ends."""
  if not text: return text
  if not type(text)==type("abc"): return text
  if text.startswith("'") and text.endswith("'"):
    text=text[1:-1]
  return text


def is_identity(r,t,tol=1.e-2):
  """Return True if r, t is the identity"""
  identity_r=[1,0,0,0,1,0,0,0,1]
  identity_t=[0,0,0]
  for i in range(9):
    if abs(r[i]-identity_r[i])>tol: return False
  for i in range(3):
    if abs(t[i]-identity_t[i])>tol: return False
  return True

def is_same_transform(r1,t1,r2,t2,
   tol_r=default_tol_r,
   abs_tol_t=default_abs_tol_t,
   rel_tol_t=default_rel_tol_t):
    """Return True if r1, t1 is the same as r2, t2 within tolerance"""
    # require everything to be very similar
    for i in range(9):
      if abs(r1[i]-r2[i])>tol_r: return False
    for i in range(3):
      dd=abs(t1[i]-t2[i])
      dd2=0.5*(abs(t1[i])+abs(t2[i]))
      if dd>abs_tol_t and dd>rel_tol_t*dd2: # definitely does not match
        return False
    return True
def crystal_symmetry_to_ncs(crystal_symmetry=None):

  """Convert r,t fractional to r_orth,t_orth  orthogonal"""
  #  r x + t = x'
  #   x_orth=Ax   A = orthogonalization_matrix
  #  r_orth  (Ax) + t_orth = Ax'
  #  A-1 r_orth A  x + A-1 t_orth = x'
  #  r= (A-1 r_orth A)     t=A-1 t_orth
  #  r_orth = A r A-1     t_orth = A t

  from scitbx import matrix
  a=matrix.sqr(crystal_symmetry.unit_cell().orthogonalization_matrix())
  a_inv=a.inverse()

  trans_orth=[]
  ncs_rota_matr=[]
  ncs_center_orth=[]
  center=matrix.col((0.41,0.43,0.39)) # just a point near center of cell
  center_orth=crystal_symmetry.unit_cell().orthogonalize(center)

  for rt_mx in crystal_symmetry.space_group().all_ops():
    r=matrix.sqr(rt_mx.r().as_rational().as_float())
    t=matrix.col(rt_mx.t().as_rational().as_float())

    # Try to put each center for this ncs operator inside the cell
    c=matrix.col(rt_mx * center) # Note: forward (not inverse)
    coordinate_offset=matrix.col(offset_inside_cell(c,
       unit_cell=crystal_symmetry.unit_cell(),orthogonalize=False))
    c_offset=c+coordinate_offset

    r_orth=matrix.sqr(a * r * a_inv)
    t_orth= matrix.col(a * (t + coordinate_offset))
    c_value=crystal_symmetry.unit_cell().orthogonalize(c_offset)

    r_orth_inv=r_orth.inverse()
    t_orth_inv=-r_orth_inv*t_orth

    ncs_rota_matr.append(r_orth_inv)
    trans_orth.append(t_orth_inv)
    ncs_center_orth.append(c_value)

    chain_residue_id= [
        len(r_orth)*[None],
        len(r_orth)*[[]]
        ]

  ncs_obj=ncs()
  ncs_obj.import_ncs_group(
       ncs_rota_matr=ncs_rota_matr,
       center_orth=ncs_center_orth,
       trans_orth=trans_orth,
       chain_residue_id=chain_residue_id)

  return ncs_obj

def offset_inside_zero_one(x):
    """Place x inside [0,1] by adding integers"""
    if x >=0.0:
      return -1.0*int(x)  # 2.1 gives -2 to place inside (0,1)
    else:
      return 1.0-int(x)   # -2.1 gives + 3 to place inside (0,1)

def offset_inside_cell(center,unit_cell,orthogonalize=True):
    """Put the center inside (0,1)"""
    from scitbx.math import  matrix
    c=matrix.col(center)
    if orthogonalize:
      c_frac=unit_cell.fractionalize(c)
    else:
      c_frac=c
    offset_frac=[]
    for x in c_frac:
     offset_frac.append(offset_inside_zero_one(x))
    if orthogonalize:
      return unit_cell.orthogonalize(matrix.col(offset_frac))
    else:
      return matrix.col(offset_frac)

def get_ncs_from_text(text=None,text_is_ncs_spec=None,rotate_about_z=None,
    rotate_about_y=None,rotate_about_new_y=None,ncs_name=None,out=sys.stdout):
  """Read a text file containing ncs information and get an ncs object.
   Allow rotation about y, z, and new_y"""
  from mmtbx.ncs.ncs import ncs
  import iotbx.pdb
  ncs_object=ncs()
  if text_is_ncs_spec:
    ncs_object.read_ncs(lines=text.splitlines())
  else: # read BIOMTR
    from cctbx.array_family import flex
    pdb_inp=iotbx.pdb.input(lines=flex.split_lines(text),source_info='string')
    ncs_object.ncs_from_pdb_input_BIOMT(pdb_inp=pdb_inp,log=out)

  if rotate_about_new_y:
    ncs_object.rotate_about_y(rot_deg=rotate_about_new_y,invert_matrices=True)
  if rotate_about_z:
    ncs_object.rotate_about_z(rot_deg=rotate_about_z,invert_matrices=True)
  if rotate_about_y:
    ncs_object.rotate_about_y(rot_deg=rotate_about_y,invert_matrices=True)
  if ncs_name:
    ncs_object.set_ncs_name(ncs_name)
  return ncs_object


def get_helical_symmetry(helical_rot_deg=None,
     helical_trans_z_angstrom=None,max_ops=None):
  """Get helical symmetry object from rotation and translation along z"""

  from scitbx import matrix
  rot=get_rot_z(rot_deg=helical_rot_deg)
  rot_inv=rot.inverse()
  trans_along_z=matrix.col((0,0,helical_trans_z_angstrom))

  n=max(2,int(360/helical_rot_deg))
  if max_ops and n> max(1,max_ops//2): n= max(1,max_ops//2)
  rots=[]
  trans=[]
  rots.append(matrix.sqr((1,0,0,0,1,0,0,0,1),))
  trans.append(matrix.col((0,0,0,)))

  for i in range(n):
    rots=[rot*rots[0]]+rots[:]
    trans=[trans[0]-trans_along_z]+trans[:]

  for i in range(n):
    rots.append(rot_inv*rots[-1])
    trans.append(trans[-1]+trans_along_z)

  from mmtbx.ncs.ncs import ncs
  ncs_object=ncs()
  ncs_name="Helical %5.2f deg  %6.2f Z-trans " %(
        helical_rot_deg,helical_trans_z_angstrom)
  ncs_object.ncs_from_import(rot_list=rots,trans_list=trans)
  ncs_object.set_ncs_name(ncs_name)


  return ncs_object

def get_d_symmetry(n=None,two_fold_along_x=True,ncs_name=None):
  """Get ncs object for D symmetry"""
  return get_c_symmetry(n=n,is_d=True,two_fold_along_x=two_fold_along_x,
     ncs_name=ncs_name)

def get_rot_z(rot_deg=None):
  """Get rotation about z for rot_deg"""
  import math
  theta=rot_deg*3.14159/180.
  cc=math.cos(theta)
  ss=math.sin(theta)
  from scitbx import matrix
  return matrix.sqr((cc,ss,0,-ss,cc,0,0,0,1,))

def get_rot_y(rot_deg=None):
  """Get rotation about y for rot_deg"""
  import math
  theta=rot_deg*3.14159/180.
  cc=math.cos(theta)
  ss=math.sin(theta)
  from scitbx import matrix
  return matrix.sqr((cc,0,ss,
                     0,1,0,
                    -ss,0,cc,
                     ))

def get_c_symmetry(n=None,is_d=False,two_fold_along_x=None,ncs_name=None):
  """Generate n-fold C symmetry"""
  oper=get_rot_z(rot_deg=360./n)
  oper_inv=oper.inverse()
  rots=[]
  trans=[]
  from scitbx import matrix
  rots.append(matrix.sqr((1,0,0,0,1,0,0,0,1),))
  trans.append(matrix.col((0,0,0,)))

  for i in range(n-1):
    rots.append(oper_inv*rots[-1])
    trans.append(matrix.col((0,0,0,)))

  if is_d:
    if two_fold_along_x:
      d_oper=matrix.sqr((1,0,0,0,-1,0,0,0,-1,))
    else: # along y
      d_oper=matrix.sqr((-1,0,0,0,1,0,0,0,-1,))
    new_rots=[]
    new_trans=[]
    for r,t in zip(rots,trans):
      new_rots.append(d_oper*r)
      new_trans.append(t)
    rots+=new_rots
    trans+=new_trans

  from mmtbx.ncs.ncs import ncs

  ncs_object=ncs()
  ncs_object.ncs_from_import(rot_list=rots,trans_list=trans)
  if ncs_name:
    ncs_object.set_ncs_name(ncs_name)

  return ncs_object

def remove_extra(text):
  """Keep text that is not alphabetical lower case or parentheses"""
  new_text=""
  for t in text:
    if not t.lower() in "()abcdefghijklmnopqrstuvwxyz":
      new_text+=t
  return new_text

def value(str):
  """Get the integer value of the numbers in str"""
  try:
    return int(remove_extra(str[1:]))
  except Exception as e:
    return 0


def generate_ncs_ops(symmetry=None,
   must_be_consistent_with_space_group_number = None,
   helical_rot_deg=None,
   helical_trans_z_angstrom=None,
   op_max=None,
   two_fold_along_x=None,
   include_helical_symmetry=None,
   max_helical_ops_to_check=None,
   require_helical_or_point_group_symmetry=None,
   out=sys.stdout):
  """Generate ncs objects corresponding to common point-group symmetries in
  conventional orientations such as C2 D7 etc."""

  ncs_list=[]
  all=False
  sym_type=None
  sym_n=None
  if symmetry.lower() in ['all','any']:
    all=True
  elif symmetry.lower() in ["i"]:
    sym_type='I'
  elif symmetry.lower() in ["o"]:
    sym_type='O'
  elif symmetry.lower() in ["t"]:
    sym_type='T'
  elif symmetry.lower().startswith("d"):
    sym_type='D'
    if len(symmetry)>1:
      sym_n=value(symmetry)
  elif symmetry.lower().startswith("c"):
    sym_type='C'
    if len(symmetry)>1:
      sym_n=value(symmetry)
  elif symmetry.lower() in ['helical','helix']:
    sym_type='helical'

  print("Sym type: %s  Sym N: %s" %(
     sym_type,sym_n), file=out)
  if sym_type is None and not all:
    from libtbx.utils import Sorry
    raise Sorry("Unknown symmetry type: '%s' " %(symmetry))

  if sym_n:
    i_start=sym_n
    i_end=sym_n
  else:
    i_start=2
    if op_max is None:
      i_end=14
    else:
      i_end=op_max

  # NOTE: the (a) (b) etc designations are arbitrary

  from mmtbx.ncs.ncs import get_ncs_from_text, \
      get_c_symmetry,get_d_symmetry,get_helical_symmetry
  if sym_type=='I' or all:
    if two_fold_along_x is None or two_fold_along_x==False:
      ncs_list.append(get_ncs_from_text(text=icosahedral_b,
        text_is_ncs_spec=True,ncs_name='I (b)'))
      ncs_list.append(get_ncs_from_text(text=icosahedral_d,
        text_is_ncs_spec=True,ncs_name='I (d)'))
      ncs_list.append(get_ncs_from_text(text=icosahedral_f,
         text_is_ncs_spec=True,
         ncs_name='I (f)'))
    if two_fold_along_x is None or two_fold_along_x==True:
      ncs_list.append(get_ncs_from_text(text=icosahedral_b,
          rotate_about_z=90,
          text_is_ncs_spec=True,ncs_name='I (a)'))
      ncs_list.append(get_ncs_from_text(text=icosahedral_d,
          text_is_ncs_spec=True,rotate_about_z=90,
           ncs_name='I (c)'))
      ncs_list.append(get_ncs_from_text(text=icosahedral_f,
          rotate_about_z=90,text_is_ncs_spec=True,
          ncs_name='I (e)'))
  if sym_type=='O' or all:
    if two_fold_along_x is None or two_fold_along_x==True:
      ncs_list.append(get_ncs_from_text(text=octahedral_a,
        text_is_ncs_spec=True,ncs_name='O (a)'))
    if two_fold_along_x is None or two_fold_along_x==False:
      ncs_list.append(get_ncs_from_text(text=octahedral_a,
        rotate_about_z=45,
        text_is_ncs_spec=True,ncs_name='O (b)'))
  if sym_type=='T' or all:
    if two_fold_along_x is None or two_fold_along_x==False:
      ncs_list.append(get_ncs_from_text(text=tetrahedral_a,
        text_is_ncs_spec=True,ncs_name='T (a)'))
    if two_fold_along_x is None or two_fold_along_x==True:
      ncs_list.append(get_ncs_from_text(text=tetrahedral_a,
        # rotate_about_y=54.73563863,
        # rotate_about_z=-45,
        rotate_about_y=45,
        text_is_ncs_spec=True,ncs_name='T (b)'))
    ncs_list.append(get_ncs_from_text(text=tetrahedral_b,
           text_is_ncs_spec=True,ncs_name='T (c)'))

  if sym_type=='C' or all:
    for i in range(i_start,i_end+1):
      ncs_list.append(get_c_symmetry(n=i,ncs_name='C%d ' %(i)))
  if sym_type=='D' or all:
    for i in range(i_start,i_end+1):
      if two_fold_along_x is None or two_fold_along_x==True:
        ncs_list.append(get_d_symmetry(n=i,two_fold_along_x=True,
        ncs_name='D%d (a)' %(i)))
      if two_fold_along_x is None or two_fold_along_x==False:
        ncs_list.append(get_d_symmetry(n=i,two_fold_along_x=False,
        ncs_name='D%d (b)' %(i)))

  #  Pare down ncs_list if must_be_consistent_with_space_group_number is set
  if must_be_consistent_with_space_group_number:
    ncs_list=remove_ncs_not_consistent_with_space_group_number(
       must_be_consistent_with_space_group_number,ncs_list)

  if sym_type=='helical' or (
      all and include_helical_symmetry):
     if helical_rot_deg is not None and helical_trans_z_angstrom is not None:
      ncs_list.append(get_helical_symmetry(
       helical_rot_deg=helical_rot_deg,
       helical_trans_z_angstrom=helical_trans_z_angstrom,
       max_ops=max_helical_ops_to_check))

  return ncs_list

def remove_ncs_not_consistent_with_space_group_number(sg_number,ncs_list):
  ''' remove ncs ojbect that are not consistent with space_group number
     sg_number
   NOTE: allows ncs that has higher symmetry than sg_number
  '''

  from cctbx import crystal
  from cctbx import sgtbx
  from cctbx import uctbx
  sg = sgtbx.space_group_info(sg_number)
  uc = uctbx.unit_cell((10.,10.,10.,90.,90.,90.))
  cs = crystal.symmetry(unit_cell=uc ,space_group_info = sg)
  ncs_from_cs = crystal_symmetry_to_ncs(cs)
  # Make sure all ops of ncs_from_cs are in each ncs used
  new_ncs_list =[]
  for ncs_obj in ncs_list:
    if ncs_from_cs.is_similar_ncs_object(ncs_obj,abs_tol_t=10000):
      new_ncs_list.append(ncs_obj)
  ncs_list = new_ncs_list
  return ncs_list

# Symmetry for icosahedron in 3 settings


icosahedral_f=\
"""

Summary of NCS information
Mon Jul  2 11:08:24 2018
/Users/terwill/Downloads/view/ncs_text

source_info icosahedral_f.dat




new_ncs_group
new_operator

rota_matrix    1.0000    0.0000    0.0000
rota_matrix    0.0000    1.0000    0.0000
rota_matrix    0.0000    0.0000    1.0000
tran_orth     0.0000    0.0000    0.0000

center_orth  -14.5127   20.8478  102.7355
new_operator

rota_matrix    0.5000    0.8090   -0.3090
rota_matrix   -0.8090    0.3090   -0.5000
rota_matrix   -0.3090    0.5000    0.8090
tran_orth    -0.0000    0.0000   -0.0000

center_orth  -55.8696   46.0690   77.1756
new_operator

rota_matrix   -0.3090    0.5000   -0.8090
rota_matrix   -0.5000   -0.8090   -0.3090
rota_matrix   -0.8090    0.3090    0.5000
tran_orth     0.0000   -0.0000    0.0000

center_orth  -89.0540    7.6245   56.6665
new_operator

rota_matrix   -0.3090   -0.5000   -0.8090
rota_matrix    0.5000   -0.8090    0.3090
rota_matrix   -0.8090   -0.3090    0.5000
tran_orth    -0.0000    0.0000   -0.0000

center_orth  -68.2062  -41.3569   69.5511
new_operator

rota_matrix    0.5000   -0.8090   -0.3090
rota_matrix    0.8090    0.3090    0.5000
rota_matrix   -0.3090   -0.5000    0.8090
tran_orth    -0.0000   -0.0000   -0.0000

center_orth  -22.1372  -33.1844   98.0233
new_operator

rota_matrix   -1.0000    0.0000    0.0000
rota_matrix    0.0000   -1.0000    0.0000
rota_matrix    0.0000    0.0000    1.0000
tran_orth     0.0000    0.0000    0.0000

center_orth   14.5127  -20.8478  102.7355
new_operator

rota_matrix   -0.5000   -0.8090   -0.3090
rota_matrix    0.8090   -0.3090   -0.5000
rota_matrix    0.3090   -0.5000    0.8090
tran_orth    -0.0000    0.0000   -0.0000

center_orth   55.8696  -46.0690   77.1756
new_operator

rota_matrix    0.3090   -0.5000   -0.8090
rota_matrix    0.5000    0.8090   -0.3090
rota_matrix    0.8090   -0.3090    0.5000
tran_orth     0.0000   -0.0000    0.0000

center_orth   89.0540   -7.6245   56.6665
new_operator

rota_matrix    0.3090    0.5000   -0.8090
rota_matrix   -0.5000    0.8090    0.3090
rota_matrix    0.8090    0.3090    0.5000
tran_orth    -0.0000    0.0000   -0.0000

center_orth   68.2062   41.3569   69.5511
new_operator

rota_matrix   -0.5000    0.8090   -0.3090
rota_matrix   -0.8090   -0.3090    0.5000
rota_matrix    0.3090    0.5000    0.8090
tran_orth    -0.0000   -0.0000   -0.0000

center_orth   22.1372   33.1844   98.0233
new_operator

rota_matrix    1.0000    0.0000    0.0000
rota_matrix    0.0000   -1.0000    0.0000
rota_matrix    0.0000    0.0000   -1.0000
tran_orth     0.0000    0.0000    0.0000

center_orth  -14.5127  -20.8478  -102.7355
new_operator

rota_matrix    0.5000   -0.8090    0.3090
rota_matrix   -0.8090   -0.3090    0.5000
rota_matrix   -0.3090   -0.5000   -0.8090
tran_orth    -0.0000    0.0000   -0.0000

center_orth  -55.8696  -46.0690  -77.1756
new_operator

rota_matrix   -0.3090   -0.5000    0.8090
rota_matrix   -0.5000    0.8090    0.3090
rota_matrix   -0.8090   -0.3090   -0.5000
tran_orth     0.0000   -0.0000    0.0000

center_orth  -89.0540   -7.6245  -56.6665
new_operator

rota_matrix   -0.3090    0.5000    0.8090
rota_matrix    0.5000    0.8090   -0.3090
rota_matrix   -0.8090    0.3090   -0.5000
tran_orth    -0.0000    0.0000   -0.0000

center_orth  -68.2062   41.3569  -69.5511
new_operator

rota_matrix    0.5000    0.8090    0.3090
rota_matrix    0.8090   -0.3090   -0.5000
rota_matrix   -0.3090    0.5000   -0.8090
tran_orth    -0.0000   -0.0000   -0.0000

center_orth  -22.1372   33.1844  -98.0233
new_operator

rota_matrix   -1.0000    0.0000    0.0000
rota_matrix    0.0000    1.0000    0.0000
rota_matrix    0.0000    0.0000   -1.0000
tran_orth     0.0000    0.0000    0.0000

center_orth   14.5127   20.8478  -102.7355
new_operator

rota_matrix   -0.5000    0.8090    0.3090
rota_matrix    0.8090    0.3090    0.5000
rota_matrix    0.3090    0.5000   -0.8090
tran_orth    -0.0000    0.0000   -0.0000

center_orth   55.8696   46.0690  -77.1756
new_operator

rota_matrix    0.3090    0.5000    0.8090
rota_matrix    0.5000   -0.8090    0.3090
rota_matrix    0.8090    0.3090   -0.5000
tran_orth     0.0000   -0.0000    0.0000

center_orth   89.0540    7.6245  -56.6665
new_operator

rota_matrix    0.3090   -0.5000    0.8090
rota_matrix   -0.5000   -0.8090   -0.3090
rota_matrix    0.8090   -0.3090   -0.5000
tran_orth    -0.0000    0.0000   -0.0000

center_orth   68.2062  -41.3569  -69.5511
new_operator

rota_matrix   -0.5000   -0.8090    0.3090
rota_matrix   -0.8090    0.3090   -0.5000
rota_matrix    0.3090   -0.5000   -0.8090
tran_orth    -0.0000   -0.0000   -0.0000

center_orth   22.1372  -33.1844  -98.0233
new_operator

rota_matrix   -0.0000   -0.0000   -1.0000
rota_matrix   -1.0000    0.0000   -0.0000
rota_matrix    0.0000    1.0000   -0.0000
tran_orth     0.0000   -0.0000    0.0000

center_orth  -20.8478  102.7355   14.5127
new_operator

rota_matrix   -0.8090   -0.3090   -0.5000
rota_matrix   -0.3090   -0.5000    0.8090
rota_matrix   -0.5000    0.8090    0.3090
tran_orth    -0.0000    0.0000   -0.0000

center_orth  -46.0690   77.1756   55.8696
new_operator

rota_matrix   -0.5000   -0.8090    0.3090
rota_matrix    0.8090   -0.3090    0.5000
rota_matrix   -0.3090    0.5000    0.8090
tran_orth     0.0000   -0.0000    0.0000

center_orth   -7.6245   56.6665   89.0540
new_operator

rota_matrix    0.5000   -0.8090    0.3090
rota_matrix    0.8090    0.3090   -0.5000
rota_matrix    0.3090    0.5000    0.8090
tran_orth    -0.0000    0.0000   -0.0000

center_orth   41.3569   69.5511   68.2062
new_operator

rota_matrix    0.8090   -0.3090   -0.5000
rota_matrix   -0.3090    0.5000   -0.8090
rota_matrix    0.5000    0.8090    0.3090
tran_orth    -0.0000   -0.0000   -0.0000

center_orth   33.1844   98.0233   22.1372
new_operator

rota_matrix    0.0000    0.0000    1.0000
rota_matrix    1.0000    0.0000    0.0000
rota_matrix   -0.0000    1.0000    0.0000
tran_orth     0.0000   -0.0000    0.0000

center_orth   20.8478  102.7355  -14.5127
new_operator

rota_matrix    0.8090   -0.3090    0.5000
rota_matrix    0.3090   -0.5000   -0.8090
rota_matrix    0.5000    0.8090   -0.3090
tran_orth    -0.0000    0.0000   -0.0000

center_orth   46.0690   77.1756  -55.8696
new_operator

rota_matrix    0.5000   -0.8090   -0.3090
rota_matrix   -0.8090   -0.3090   -0.5000
rota_matrix    0.3090    0.5000   -0.8090
tran_orth     0.0000   -0.0000    0.0000

center_orth    7.6245   56.6665  -89.0540
new_operator

rota_matrix   -0.5000   -0.8090   -0.3090
rota_matrix   -0.8090    0.3090    0.5000
rota_matrix   -0.3090    0.5000   -0.8090
tran_orth    -0.0000    0.0000   -0.0000

center_orth  -41.3569   69.5511  -68.2062
new_operator

rota_matrix   -0.8090   -0.3090    0.5000
rota_matrix    0.3090    0.5000    0.8090
rota_matrix   -0.5000    0.8090   -0.3090
tran_orth    -0.0000   -0.0000   -0.0000

center_orth  -33.1844   98.0233  -22.1372
new_operator

rota_matrix   -0.0000   -0.0000   -1.0000
rota_matrix    1.0000   -0.0000   -0.0000
rota_matrix   -0.0000   -1.0000    0.0000
tran_orth    -0.0000   -0.0000   -0.0000

center_orth   20.8478  -102.7355   14.5127
new_operator

rota_matrix    0.8090    0.3090   -0.5000
rota_matrix    0.3090    0.5000    0.8090
rota_matrix    0.5000   -0.8090    0.3090
tran_orth    -0.0000    0.0000   -0.0000

center_orth   46.0690  -77.1756   55.8696
new_operator

rota_matrix    0.5000    0.8090    0.3090
rota_matrix   -0.8090    0.3090    0.5000
rota_matrix    0.3090   -0.5000    0.8090
tran_orth     0.0000   -0.0000    0.0000

center_orth    7.6245  -56.6665   89.0540
new_operator

rota_matrix   -0.5000    0.8090    0.3090
rota_matrix   -0.8090   -0.3090   -0.5000
rota_matrix   -0.3090   -0.5000    0.8090
tran_orth    -0.0000    0.0000   -0.0000

center_orth  -41.3569  -69.5511   68.2062
new_operator

rota_matrix   -0.8090    0.3090   -0.5000
rota_matrix    0.3090   -0.5000   -0.8090
rota_matrix   -0.5000   -0.8090    0.3090
tran_orth    -0.0000   -0.0000   -0.0000

center_orth  -33.1844  -98.0233   22.1372
new_operator

rota_matrix   -0.0000    0.0000    1.0000
rota_matrix   -1.0000   -0.0000   -0.0000
rota_matrix    0.0000   -1.0000   -0.0000
tran_orth    -0.0000   -0.0000    0.0000

center_orth  -20.8478  -102.7355  -14.5127
new_operator

rota_matrix   -0.8090    0.3090    0.5000
rota_matrix   -0.3090    0.5000   -0.8090
rota_matrix   -0.5000   -0.8090   -0.3090
tran_orth    -0.0000    0.0000   -0.0000

center_orth  -46.0690  -77.1756  -55.8696
new_operator

rota_matrix   -0.5000    0.8090   -0.3090
rota_matrix    0.8090    0.3090   -0.5000
rota_matrix   -0.3090   -0.5000   -0.8090
tran_orth     0.0000   -0.0000    0.0000

center_orth   -7.6245  -56.6665  -89.0540
new_operator

rota_matrix    0.5000    0.8090   -0.3090
rota_matrix    0.8090   -0.3090    0.5000
rota_matrix    0.3090   -0.5000   -0.8090
tran_orth    -0.0000    0.0000   -0.0000

center_orth   41.3569  -69.5511  -68.2062
new_operator

rota_matrix    0.8090    0.3090    0.5000
rota_matrix   -0.3090   -0.5000    0.8090
rota_matrix    0.5000   -0.8090   -0.3090
tran_orth    -0.0000   -0.0000   -0.0000

center_orth   33.1844  -98.0233  -22.1372
new_operator

rota_matrix   -0.0000   -1.0000    0.0000
rota_matrix    0.0000    0.0000    1.0000
rota_matrix   -1.0000    0.0000    0.0000
tran_orth    -0.0000    0.0000   -0.0000

center_orth  -102.7355   14.5127   20.8478
new_operator

rota_matrix    0.3090   -0.5000    0.8090
rota_matrix    0.5000    0.8090    0.3090
rota_matrix   -0.8090    0.3090    0.5000
tran_orth    -0.0000    0.0000   -0.0000

center_orth  -77.1756   55.8696   46.0690
new_operator

rota_matrix    0.8090    0.3090    0.5000
rota_matrix    0.3090    0.5000   -0.8090
rota_matrix   -0.5000    0.8090    0.3090
tran_orth     0.0000   -0.0000    0.0000

center_orth  -56.6665   89.0540    7.6245
new_operator

rota_matrix    0.8090    0.3090   -0.5000
rota_matrix   -0.3090   -0.5000   -0.8090
rota_matrix   -0.5000    0.8090   -0.3090
tran_orth    -0.0000    0.0000   -0.0000

center_orth  -69.5511   68.2062  -41.3569
new_operator

rota_matrix    0.3090   -0.5000   -0.8090
rota_matrix   -0.5000   -0.8090    0.3090
rota_matrix   -0.8090    0.3090   -0.5000
tran_orth    -0.0000   -0.0000   -0.0000

center_orth  -98.0233   22.1372  -33.1844
new_operator

rota_matrix   -0.0000    1.0000    0.0000
rota_matrix    0.0000    0.0000   -1.0000
rota_matrix   -1.0000   -0.0000   -0.0000
tran_orth    -0.0000    0.0000   -0.0000

center_orth  -102.7355  -14.5127  -20.8478
new_operator

rota_matrix    0.3090    0.5000   -0.8090
rota_matrix    0.5000   -0.8090   -0.3090
rota_matrix   -0.8090   -0.3090   -0.5000
tran_orth    -0.0000    0.0000   -0.0000

center_orth  -77.1756  -55.8696  -46.0690
new_operator

rota_matrix    0.8090   -0.3090   -0.5000
rota_matrix    0.3090   -0.5000    0.8090
rota_matrix   -0.5000   -0.8090   -0.3090
tran_orth     0.0000   -0.0000    0.0000

center_orth  -56.6665  -89.0540   -7.6245
new_operator

rota_matrix    0.8090   -0.3090    0.5000
rota_matrix   -0.3090    0.5000    0.8090
rota_matrix   -0.5000   -0.8090    0.3090
tran_orth    -0.0000    0.0000   -0.0000

center_orth  -69.5511  -68.2062   41.3569
new_operator

rota_matrix    0.3090    0.5000    0.8090
rota_matrix   -0.5000    0.8090   -0.3090
rota_matrix   -0.8090   -0.3090    0.5000
tran_orth    -0.0000   -0.0000   -0.0000

center_orth  -98.0233  -22.1372   33.1844
new_operator

rota_matrix    0.0000   -1.0000    0.0000
rota_matrix   -0.0000   -0.0000   -1.0000
rota_matrix    1.0000    0.0000   -0.0000
tran_orth    -0.0000    0.0000   -0.0000

center_orth  102.7355   14.5127  -20.8478
new_operator

rota_matrix   -0.3090   -0.5000   -0.8090
rota_matrix   -0.5000    0.8090   -0.3090
rota_matrix    0.8090    0.3090   -0.5000
tran_orth    -0.0000    0.0000   -0.0000

center_orth   77.1756   55.8696  -46.0690
new_operator

rota_matrix   -0.8090    0.3090   -0.5000
rota_matrix   -0.3090    0.5000    0.8090
rota_matrix    0.5000    0.8090   -0.3090
tran_orth     0.0000   -0.0000    0.0000

center_orth   56.6665   89.0540   -7.6245
new_operator

rota_matrix   -0.8090    0.3090    0.5000
rota_matrix    0.3090   -0.5000    0.8090
rota_matrix    0.5000    0.8090    0.3090
tran_orth    -0.0000    0.0000   -0.0000

center_orth   69.5511   68.2062   41.3569
new_operator

rota_matrix   -0.3090   -0.5000    0.8090
rota_matrix    0.5000   -0.8090   -0.3090
rota_matrix    0.8090    0.3090    0.5000
tran_orth    -0.0000   -0.0000   -0.0000

center_orth   98.0233   22.1372   33.1844
new_operator

rota_matrix   -0.0000    1.0000    0.0000
rota_matrix   -0.0000   -0.0000    1.0000
rota_matrix    1.0000    0.0000    0.0000
tran_orth     0.0000    0.0000    0.0000

center_orth  102.7355  -14.5127   20.8478
new_operator

rota_matrix   -0.3090    0.5000    0.8090
rota_matrix   -0.5000   -0.8090    0.3090
rota_matrix    0.8090   -0.3090    0.5000
tran_orth    -0.0000    0.0000   -0.0000

center_orth   77.1756  -55.8696   46.0690
new_operator

rota_matrix   -0.8090   -0.3090    0.5000
rota_matrix   -0.3090   -0.5000   -0.8090
rota_matrix    0.5000   -0.8090    0.3090
tran_orth     0.0000   -0.0000    0.0000

center_orth   56.6665  -89.0540    7.6245
new_operator

rota_matrix   -0.8090   -0.3090   -0.5000
rota_matrix    0.3090    0.5000   -0.8090
rota_matrix    0.5000   -0.8090   -0.3090
tran_orth    -0.0000    0.0000   -0.0000

center_orth   69.5511  -68.2062  -41.3569
new_operator

rota_matrix   -0.3090    0.5000   -0.8090
rota_matrix    0.5000    0.8090    0.3090
rota_matrix    0.8090   -0.3090   -0.5000
tran_orth    -0.0000   -0.0000   -0.0000

center_orth   98.0233  -22.1372  -33.1844


"""
icosahedral_d=\
"""

Summary of NCS information
Mon Jul  2 11:08:15 2018
/Users/terwill/Downloads/view/ncs_text

source_info icosahedral_d.dat




new_ncs_group
new_operator

rota_matrix    1.0000    0.0000    0.0000
rota_matrix    0.0000    1.0000    0.0000
rota_matrix    0.0000    0.0000    1.0000
tran_orth     0.0000    0.0000    0.0000

center_orth    0.0000    0.0000    0.0000
new_operator

rota_matrix    0.6708    0.1625    0.7236
rota_matrix   -0.6882    0.5000    0.5257
rota_matrix   -0.2764   -0.8507    0.4472
tran_orth     0.0000    0.0000    0.0000

center_orth    0.0000    0.0000    0.0000
new_operator

rota_matrix    0.1382   -0.4253    0.8944
rota_matrix   -0.9511   -0.3090    0.0000
rota_matrix    0.2764   -0.8507   -0.4472
tran_orth     0.0000    0.0000    0.0000

center_orth    0.0000    0.0000    0.0000
new_operator

rota_matrix    0.1382   -0.9511    0.2764
rota_matrix   -0.4253   -0.3090   -0.8507
rota_matrix    0.8944    0.0000   -0.4472
tran_orth     0.0000    0.0000    0.0000

center_orth    0.0000    0.0000    0.0000
new_operator

rota_matrix    0.6708   -0.6882   -0.2764
rota_matrix    0.1625    0.5000   -0.8507
rota_matrix    0.7236    0.5257    0.4472
tran_orth     0.0000    0.0000    0.0000

center_orth    0.0000    0.0000    0.0000
new_operator

rota_matrix    0.4472    0.0000    0.8944
rota_matrix    0.0000   -1.0000    0.0000
rota_matrix    0.8944    0.0000   -0.4472
tran_orth     0.0000    0.0000    0.0000

center_orth    0.0000    0.0000    0.0000
new_operator

rota_matrix    0.9472   -0.1625    0.2764
rota_matrix    0.1625   -0.5000   -0.8507
rota_matrix    0.2764    0.8507   -0.4472
tran_orth     0.0000    0.0000    0.0000

center_orth    0.0000    0.0000    0.0000
new_operator

rota_matrix    0.8618    0.4253   -0.2764
rota_matrix   -0.4253    0.3090   -0.8507
rota_matrix   -0.2764    0.8507    0.4472
tran_orth     0.0000    0.0000    0.0000

center_orth    0.0000    0.0000    0.0000
new_operator

rota_matrix    0.3090    0.9511    0.0000
rota_matrix   -0.9511    0.3090    0.0000
rota_matrix    0.0000   -0.0000    1.0000
tran_orth     0.0000    0.0000    0.0000

center_orth    0.0000    0.0000    0.0000
new_operator

rota_matrix    0.0528    0.6882    0.7236
rota_matrix   -0.6882   -0.5000    0.5257
rota_matrix    0.7236   -0.5257    0.4472
tran_orth     0.0000    0.0000    0.0000

center_orth    0.0000    0.0000    0.0000
new_operator

rota_matrix   -1.0000   -0.0000   -0.0000
rota_matrix   -0.0000    1.0000    0.0000
rota_matrix   -0.0000    0.0000   -1.0000
tran_orth     0.0000    0.0000    0.0000

center_orth    0.0000    0.0000    0.0000
new_operator

rota_matrix   -0.6708    0.1625   -0.7236
rota_matrix    0.6882    0.5000   -0.5257
rota_matrix    0.2764   -0.8507   -0.4472
tran_orth     0.0000    0.0000    0.0000

center_orth    0.0000    0.0000    0.0000
new_operator

rota_matrix   -0.1382   -0.4253   -0.8944
rota_matrix    0.9511   -0.3090   -0.0000
rota_matrix   -0.2764   -0.8507    0.4472
tran_orth     0.0000    0.0000    0.0000

center_orth    0.0000    0.0000    0.0000
new_operator

rota_matrix   -0.1382   -0.9511   -0.2764
rota_matrix    0.4253   -0.3090    0.8507
rota_matrix   -0.8944    0.0000    0.4472
tran_orth     0.0000    0.0000    0.0000

center_orth    0.0000    0.0000    0.0000
new_operator

rota_matrix   -0.6708   -0.6882    0.2764
rota_matrix   -0.1625    0.5000    0.8507
rota_matrix   -0.7236    0.5257   -0.4472
tran_orth     0.0000    0.0000    0.0000

center_orth    0.0000    0.0000    0.0000
new_operator

rota_matrix   -0.4472   -0.0000   -0.8944
rota_matrix   -0.0000   -1.0000    0.0000
rota_matrix   -0.8944    0.0000    0.4472
tran_orth     0.0000    0.0000    0.0000

center_orth    0.0000    0.0000    0.0000
new_operator

rota_matrix   -0.9472   -0.1625   -0.2764
rota_matrix   -0.1625   -0.5000    0.8507
rota_matrix   -0.2764    0.8507    0.4472
tran_orth     0.0000    0.0000    0.0000

center_orth    0.0000    0.0000    0.0000
new_operator

rota_matrix   -0.8618    0.4253    0.2764
rota_matrix    0.4253    0.3090    0.8507
rota_matrix    0.2764    0.8507   -0.4472
tran_orth     0.0000    0.0000    0.0000

center_orth    0.0000    0.0000    0.0000
new_operator

rota_matrix   -0.3090    0.9511   -0.0000
rota_matrix    0.9511    0.3090   -0.0000
rota_matrix   -0.0000   -0.0000   -1.0000
tran_orth     0.0000    0.0000    0.0000

center_orth    0.0000    0.0000    0.0000
new_operator

rota_matrix   -0.0528    0.6882   -0.7236
rota_matrix    0.6882   -0.5000   -0.5257
rota_matrix   -0.7236   -0.5257   -0.4472
tran_orth     0.0000    0.0000    0.0000

center_orth    0.0000    0.0000    0.0000
new_operator

rota_matrix   -0.4472    0.5257    0.7236
rota_matrix   -0.8507   -0.0000   -0.5257
rota_matrix   -0.2764   -0.8507    0.4472
tran_orth     0.0000    0.0000    0.0000

center_orth    0.0000    0.0000    0.0000
new_operator

rota_matrix   -0.6382   -0.2629    0.7236
rota_matrix   -0.2629   -0.8090   -0.5257
rota_matrix    0.7236   -0.5257    0.4472
tran_orth     0.0000    0.0000    0.0000

center_orth    0.0000    0.0000    0.0000
new_operator

rota_matrix    0.0528   -0.6882    0.7236
rota_matrix    0.6882   -0.5000   -0.5257
rota_matrix    0.7236    0.5257    0.4472
tran_orth     0.0000    0.0000    0.0000

center_orth    0.0000    0.0000    0.0000
new_operator

rota_matrix    0.6708   -0.1625    0.7236
rota_matrix    0.6882    0.5000   -0.5257
rota_matrix   -0.2764    0.8507    0.4472
tran_orth     0.0000    0.0000    0.0000

center_orth    0.0000    0.0000    0.0000
new_operator

rota_matrix    0.3618    0.5878    0.7236
rota_matrix   -0.2629    0.8090   -0.5257
rota_matrix   -0.8944   -0.0000    0.4472
tran_orth     0.0000    0.0000    0.0000

center_orth    0.0000    0.0000    0.0000
new_operator

rota_matrix   -0.4472   -0.5257    0.7236
rota_matrix    0.8507    0.0000    0.5257
rota_matrix   -0.2764    0.8507    0.4472
tran_orth     0.0000    0.0000    0.0000

center_orth    0.0000    0.0000    0.0000
new_operator

rota_matrix   -0.3618    0.2629    0.8944
rota_matrix    0.5878    0.8090   -0.0000
rota_matrix   -0.7236    0.5257   -0.4472
tran_orth     0.0000    0.0000    0.0000

center_orth    0.0000    0.0000    0.0000
new_operator

rota_matrix   -0.6708    0.6882    0.2764
rota_matrix    0.1625    0.5000   -0.8507
rota_matrix   -0.7236   -0.5257   -0.4472
tran_orth     0.0000    0.0000    0.0000

center_orth    0.0000    0.0000    0.0000
new_operator

rota_matrix   -0.9472    0.1625   -0.2764
rota_matrix    0.1625   -0.5000   -0.8507
rota_matrix   -0.2764   -0.8507    0.4472
tran_orth     0.0000    0.0000    0.0000

center_orth    0.0000    0.0000    0.0000
new_operator

rota_matrix   -0.8090   -0.5878    0.0000
rota_matrix    0.5878   -0.8090   -0.0000
rota_matrix    0.0000    0.0000    1.0000
tran_orth     0.0000    0.0000    0.0000

center_orth    0.0000    0.0000    0.0000
new_operator

rota_matrix    0.4472   -0.5257   -0.7236
rota_matrix   -0.8507   -0.0000   -0.5257
rota_matrix    0.2764    0.8507   -0.4472
tran_orth     0.0000    0.0000    0.0000

center_orth    0.0000    0.0000    0.0000
new_operator

rota_matrix    0.3618    0.2629   -0.8944
rota_matrix   -0.5878    0.8090    0.0000
rota_matrix    0.7236    0.5257    0.4472
tran_orth     0.0000    0.0000    0.0000

center_orth    0.0000    0.0000    0.0000
new_operator

rota_matrix    0.6708    0.6882   -0.2764
rota_matrix   -0.1625    0.5000    0.8507
rota_matrix    0.7236   -0.5257    0.4472
tran_orth     0.0000    0.0000    0.0000

center_orth    0.0000    0.0000    0.0000
new_operator

rota_matrix    0.9472    0.1625    0.2764
rota_matrix   -0.1625   -0.5000    0.8507
rota_matrix    0.2764   -0.8507   -0.4472
tran_orth     0.0000    0.0000    0.0000

center_orth    0.0000    0.0000    0.0000
new_operator

rota_matrix    0.8090   -0.5878   -0.0000
rota_matrix   -0.5878   -0.8090    0.0000
rota_matrix   -0.0000    0.0000   -1.0000
tran_orth     0.0000    0.0000    0.0000

center_orth    0.0000    0.0000    0.0000
new_operator

rota_matrix    0.4472    0.5257   -0.7236
rota_matrix    0.8507    0.0000    0.5257
rota_matrix    0.2764   -0.8507   -0.4472
tran_orth     0.0000    0.0000    0.0000

center_orth    0.0000    0.0000    0.0000
new_operator

rota_matrix    0.6382   -0.2629   -0.7236
rota_matrix    0.2629   -0.8090    0.5257
rota_matrix   -0.7236   -0.5257   -0.4472
tran_orth     0.0000    0.0000    0.0000

center_orth    0.0000    0.0000    0.0000
new_operator

rota_matrix   -0.0528   -0.6882   -0.7236
rota_matrix   -0.6882   -0.5000    0.5257
rota_matrix   -0.7236    0.5257   -0.4472
tran_orth     0.0000    0.0000    0.0000

center_orth    0.0000    0.0000    0.0000
new_operator

rota_matrix   -0.6708   -0.1625   -0.7236
rota_matrix   -0.6882    0.5000    0.5257
rota_matrix    0.2764    0.8507   -0.4472
tran_orth     0.0000    0.0000    0.0000

center_orth    0.0000    0.0000    0.0000
new_operator

rota_matrix   -0.3618    0.5878   -0.7236
rota_matrix    0.2629    0.8090    0.5257
rota_matrix    0.8944   -0.0000   -0.4472
tran_orth     0.0000    0.0000    0.0000

center_orth    0.0000    0.0000    0.0000
new_operator

rota_matrix   -0.4472   -0.8507   -0.2764
rota_matrix    0.5257   -0.0000   -0.8507
rota_matrix    0.7236   -0.5257    0.4472
tran_orth     0.0000    0.0000    0.0000

center_orth    0.0000    0.0000    0.0000
new_operator

rota_matrix    0.3090   -0.9511    0.0000
rota_matrix    0.9511    0.3090   -0.0000
rota_matrix    0.0000    0.0000    1.0000
tran_orth     0.0000    0.0000    0.0000

center_orth    0.0000    0.0000    0.0000
new_operator

rota_matrix    0.3618   -0.5878    0.7236
rota_matrix    0.2629    0.8090    0.5257
rota_matrix   -0.8944    0.0000    0.4472
tran_orth     0.0000    0.0000    0.0000

center_orth    0.0000    0.0000    0.0000
new_operator

rota_matrix   -0.3618   -0.2629    0.8944
rota_matrix   -0.5878    0.8090    0.0000
rota_matrix   -0.7236   -0.5257   -0.4472
tran_orth     0.0000    0.0000    0.0000

center_orth    0.0000    0.0000    0.0000
new_operator

rota_matrix   -0.8618   -0.4253    0.2764
rota_matrix   -0.4253    0.3090   -0.8507
rota_matrix    0.2764   -0.8507   -0.4472
tran_orth     0.0000    0.0000    0.0000

center_orth    0.0000    0.0000    0.0000
new_operator

rota_matrix    0.4472   -0.8507    0.2764
rota_matrix   -0.5257   -0.0000    0.8507
rota_matrix   -0.7236   -0.5257   -0.4472
tran_orth     0.0000    0.0000    0.0000

center_orth    0.0000    0.0000    0.0000
new_operator

rota_matrix   -0.3090   -0.9511   -0.0000
rota_matrix   -0.9511    0.3090    0.0000
rota_matrix   -0.0000    0.0000   -1.0000
tran_orth     0.0000    0.0000    0.0000

center_orth    0.0000    0.0000    0.0000
new_operator

rota_matrix   -0.3618   -0.5878   -0.7236
rota_matrix   -0.2629    0.8090   -0.5257
rota_matrix    0.8944    0.0000   -0.4472
tran_orth     0.0000    0.0000    0.0000

center_orth    0.0000    0.0000    0.0000
new_operator

rota_matrix    0.3618   -0.2629   -0.8944
rota_matrix    0.5878    0.8090   -0.0000
rota_matrix    0.7236   -0.5257    0.4472
tran_orth     0.0000    0.0000    0.0000

center_orth    0.0000    0.0000    0.0000
new_operator

rota_matrix    0.8618   -0.4253   -0.2764
rota_matrix    0.4253    0.3090    0.8507
rota_matrix   -0.2764   -0.8507    0.4472
tran_orth     0.0000    0.0000    0.0000

center_orth    0.0000    0.0000    0.0000
new_operator

rota_matrix    0.4472    0.8507    0.2764
rota_matrix    0.5257    0.0000   -0.8507
rota_matrix   -0.7236    0.5257   -0.4472
tran_orth     0.0000    0.0000    0.0000

center_orth    0.0000    0.0000    0.0000
new_operator

rota_matrix   -0.1382    0.9511   -0.2764
rota_matrix   -0.4253   -0.3090   -0.8507
rota_matrix   -0.8944   -0.0000    0.4472
